C   0 86.2
  -1.156250 0.051270 -0.707031 -0.449219 -0.531250 -0.621094 -0.453125 -0.714844
  -0.472656 -0.707031 -0.458984 -0.707031 -0.462891 -0.679688 -0.447266 -0.652344
C   1 86.1
  -1.156250 0.051270 -0.707031 -0.449219 -0.531250 -0.621094 -0.453125 -0.714844
  -0.472656 -0.707031 -0.458984 -0.707031 -0.462891 -0.679688 -0.447266 -0.652344
C   2 86.2
  -1.156250 0.051270 -0.707031 -0.449219 -0.531250 -0.621094 -0.453125 -0.714844
  -0.472656 -0.707031 -0.458984 -0.707031 -0.462891 -0.679688 -0.447266 -0.652344
C   3 86.1
  -1.156250 0.051270 -0.707031 -0.449219 -0.531250 -0.621094 -0.453125 -0.714844
  -0.472656 -0.707031 -0.458984 -0.707031 -0.462891 -0.679688 -0.447266 -0.652344
C   4 86.1
  -1.156250 0.051270 -0.707031 -0.449219 -0.531250 -0.621094 -0.453125 -0.714844
  -0.472656 -0.707031 -0.458984 -0.707031 -0.462891 -0.679688 -0.447266 -0.652344
C   5 86.1
  0.578125 -1.664062 0.018433 -1.101562 -0.133789 -0.949219 -0.455078 -0.632812
  -0.531250 -0.578125 -0.535156 -0.570312 -0.382812 -0.722656 -0.281250 -0.777344
C   6 86.1
  0.578125 -1.664062 0.018433 -1.101562 -0.133789 -0.949219 -0.455078 -0.632812
  -0.531250 -0.578125 -0.535156 -0.570312 -0.382812 -0.722656 -0.281250 -0.777344
C   7 86.2
  0.578125 -1.664062 0.018433 -1.101562 -0.133789 -0.949219 -0.455078 -0.632812
  -0.531250 -0.578125 -0.535156 -0.570312 -0.382812 -0.722656 -0.281250 -0.777344
C   8 86.1
  0.578125 -1.664062 0.018433 -1.101562 -0.133789 -0.949219 -0.455078 -0.632812
  -0.531250 -0.578125 -0.535156 -0.570312 -0.382812 -0.722656 -0.281250 -0.777344
C   9 86.1
  0.578125 -1.664062 0.018433 -1.101562 -0.133789 -0.949219 -0.455078 -0.632812
  -0.531250 -0.578125 -0.535156 -0.570312 -0.382812 -0.722656 -0.281250 -0.777344
C  10 86.1
  0.550781 -1.671875 0.061523 -1.125000 -0.144531 -0.906250 -0.474609 -0.582031
  -0.562500 -0.519531 -0.578125 -0.498047 -0.419922 -0.652344 -0.343750 -0.691406
C  11 86.1
  0.562500 -1.679688 0.097656 -1.156250 -0.122559 -0.917969 -0.449219 -0.597656
  -0.539062 -0.531250 -0.566406 -0.494141 -0.419922 -0.644531 -0.339844 -0.687500
C  12 86.2
  0.546875 -1.671875 0.021362 -1.093750 -0.198242 -0.859375 -0.503906 -0.570312
  -0.582031 -0.507812 -0.578125 -0.496094 -0.423828 -0.640625 -0.337891 -0.683594
C  13 86.1
  0.554688 -1.671875 0.054688 -1.117188 -0.161133 -0.886719 -0.427734 -0.628906
  -0.507812 -0.566406 -0.562500 -0.500000 -0.419922 -0.644531 -0.339844 -0.687500
C  14 86.1
  0.554688 -1.671875 0.072266 -1.140625 -0.134766 -0.910156 -0.431641 -0.628906
  -0.503906 -0.562500 -0.562500 -0.503906 -0.416016 -0.648438 -0.339844 -0.691406
C  15 86.1
  0.554688 -1.656250 0.089844 -1.140625 -0.147461 -0.882812 -0.421875 -0.621094
  -0.515625 -0.546875 -0.562500 -0.482422 -0.417969 -0.632812 -0.337891 -0.675781
C  16 86.1
  0.570312 -1.687500 0.093750 -1.156250 -0.118652 -0.925781 -0.417969 -0.632812
  -0.535156 -0.535156 -0.582031 -0.478516 -0.429688 -0.632812 -0.349609 -0.675781
C  17 86.1
  0.570312 -1.687500 0.108398 -1.179688 -0.107422 -0.937500 -0.419922 -0.640625
  -0.515625 -0.558594 -0.562500 -0.503906 -0.416016 -0.660156 -0.337891 -0.695312
C  18 86.1
  0.527344 -1.632812 0.065918 -1.132812 -0.151367 -0.890625 -0.419922 -0.632812
  -0.550781 -0.523438 -0.574219 -0.480469 -0.433594 -0.613281 -0.353516 -0.667969
C  19 86.1
  0.570312 -1.687500 0.092773 -1.164062 -0.104492 -0.933594 -0.396484 -0.656250
  -0.519531 -0.554688 -0.570312 -0.490234 -0.417969 -0.656250 -0.345703 -0.687500
C  20 86.2
  -0.439453 -0.531250 -0.462891 -0.523438 -0.470703 -0.503906 -0.486328 -0.511719
  -0.492188 -0.519531 -0.476562 -0.507812 -0.443359 -0.503906 -0.380859 -0.476562
C  21 86.1
  -0.996094 -0.092773 -0.718750 -0.404297 -0.585938 -0.539062 -0.539062 -0.621094
  -0.558594 -0.589844 -0.531250 -0.589844 -0.503906 -0.593750 -0.449219 -0.589844
C  22 86.1
  1.625000 1.460938 1.570312 1.445312 1.523438 1.406250 1.390625 1.320312
  1.000000 1.039062 0.406250 0.494141 0.087891 0.142578 -0.198242 -0.014526
C  23 86.1
  -1.890625 0.773438 -0.898438 -0.152344 -0.539062 -0.482422 -0.384766 -0.675781
  -0.408203 -0.648438 -0.398438 -0.644531 -0.417969 -0.625000 -0.402344 -0.605469
C  24 86.1
  -0.058594 -0.988281 -0.371094 -0.691406 -0.435547 -0.628906 -0.535156 -0.554688
  -0.542969 -0.554688 -0.523438 -0.546875 -0.496094 -0.546875 -0.394531 -0.582031
C  25 86.2
  -0.738281 -0.375000 -0.660156 -0.476562 -0.589844 -0.542969 -0.550781 -0.593750
  -0.574219 -0.582031 -0.562500 -0.578125 -0.523438 -0.582031 -0.457031 -0.578125
C  26 86.1
  1.531250 1.507812 1.476562 1.398438 1.406250 1.351562 1.140625 1.148438
  0.527344 0.632812 -0.227539 -0.075684 -0.417969 -0.275391 -0.408203 -0.291016
C  27 86.1
  1.617188 1.445312 1.531250 1.406250 1.468750 1.343750 1.257812 1.187500
  0.742188 0.777344 0.109863 0.181641 -0.257812 -0.180664 -0.312500 -0.159180
C  28 86.1
  -0.330078 -0.695312 -0.449219 -0.613281 -0.464844 -0.585938 -0.515625 -0.558594
  -0.535156 -0.554688 -0.519531 -0.542969 -0.474609 -0.558594 -0.384766 -0.582031
C  29 86.1
  -1.476562 0.507812 -0.750000 -0.194336 -0.500000 -0.410156 -0.410156 -0.535156
  -0.425781 -0.535156 -0.410156 -0.546875 -0.382812 -0.546875 -0.355469 -0.539062
C  30 86.2
  -0.437500 -0.519531 -0.462891 -0.523438 -0.466797 -0.511719 -0.482422 -0.523438
  -0.496094 -0.527344 -0.478516 -0.511719 -0.441406 -0.507812 -0.380859 -0.480469
C  31 86.1
  -1.140625 0.016724 -0.796875 -0.349609 -0.660156 -0.500000 -0.566406 -0.597656
  -0.597656 -0.582031 -0.570312 -0.578125 -0.550781 -0.597656 -0.500000 -0.589844
C  32 86.1
  -0.308594 -0.609375 -0.386719 -0.550781 -0.404297 -0.519531 -0.449219 -0.500000
  -0.468750 -0.496094 -0.449219 -0.482422 -0.410156 -0.482422 -0.337891 -0.460938
C  33 86.1
  0.064941 -1.039062 -0.298828 -0.683594 -0.353516 -0.621094 -0.437500 -0.554688
  -0.466797 -0.542969 -0.455078 -0.523438 -0.417969 -0.535156 -0.330078 -0.554688
C  34 86.1
  -0.197266 -0.882812 -0.455078 -0.640625 -0.519531 -0.578125 -0.597656 -0.531250
  -0.605469 -0.527344 -0.582031 -0.519531 -0.531250 -0.550781 -0.433594 -0.593750
C  35 86.2
  1.601562 1.367188 1.476562 1.304688 1.382812 1.226562 1.117188 1.015625
  0.597656 0.593750 -0.021606 0.002029 -0.294922 -0.285156 -0.306641 -0.265625
C  36 86.1
  0.605469 -1.710938 0.170898 -1.234375 0.009399 -1.054688 -0.316406 -0.722656
  -0.460938 -0.589844 -0.558594 -0.478516 -0.394531 -0.652344 -0.306641 -0.714844
C  37 86.1
  -0.457031 -0.531250 -0.498047 -0.511719 -0.503906 -0.482422 -0.527344 -0.490234
  -0.527344 -0.503906 -0.500000 -0.507812 -0.468750 -0.503906 -0.402344 -0.472656
C  38 86.1
  0.320312 -1.453125 -0.151367 -0.957031 -0.333984 -0.761719 -0.589844 -0.535156
  -0.609375 -0.523438 -0.570312 -0.535156 -0.457031 -0.636719 -0.369141 -0.679688
C  39 86.1
  -1.882812 0.757812 -0.953125 -0.094727 -0.601562 -0.431641 -0.367188 -0.687500
  -0.433594 -0.625000 -0.455078 -0.597656 -0.472656 -0.574219 -0.476562 -0.546875
C  40 86.2
  -1.882812 0.789062 -0.925781 -0.096191 -0.574219 -0.423828 -0.333984 -0.695312
  -0.398438 -0.632812 -0.425781 -0.589844 -0.433594 -0.570312 -0.423828 -0.554688
C  41 86.1
  -1.140625 0.628906 -0.585938 0.020386 -0.388672 -0.169922 -0.453125 -0.287109
  -0.439453 -0.373047 -0.431641 -0.386719 -0.390625 -0.396484 -0.373047 -0.388672
C  42 86.1
  1.445312 1.570312 1.476562 1.453125 1.406250 1.398438 1.195312 1.218750
  0.613281 0.800781 -0.082031 0.139648 -0.419922 -0.219727 -0.437500 -0.227539
C  43 86.1
  0.875000 -1.078125 0.285156 -0.562500 -0.050537 -0.542969 -0.324219 -0.458984
  -0.445312 -0.417969 -0.519531 -0.435547 -0.435547 -0.507812 -0.277344 -0.601562
C  44 86.1
  -1.015625 0.574219 -0.096680 0.255859 0.168945 0.337891 0.101562 0.190430
  -0.347656 -0.351562 -0.416016 -0.414062 -0.357422 -0.460938 -0.328125 -0.457031
C  45 86.2
  -1.859375 0.714844 -0.929688 -0.138672 -0.589844 -0.474609 -0.408203 -0.683594
  -0.453125 -0.632812 -0.449219 -0.617188 -0.455078 -0.617188 -0.451172 -0.597656
C  46 86.1
  -0.550781 -0.474609 -0.539062 -0.511719 -0.511719 -0.535156 -0.503906 -0.558594
  -0.515625 -0.562500 -0.500000 -0.550781 -0.466797 -0.546875 -0.412109 -0.515625
C  47 86.1
  0.636719 -1.710938 0.161133 -1.187500 -0.078613 -0.925781 -0.441406 -0.578125
  -0.511719 -0.519531 -0.539062 -0.486328 -0.388672 -0.656250 -0.318359 -0.687500
C  48 86.1
  -1.859375 0.718750 -0.937500 -0.140625 -0.593750 -0.474609 -0.402344 -0.691406
  -0.441406 -0.648438 -0.443359 -0.628906 -0.460938 -0.621094 -0.457031 -0.593750
C  49 86.1
  -0.468750 -0.527344 -0.498047 -0.535156 -0.496094 -0.523438 -0.507812 -0.535156
  -0.523438 -0.531250 -0.511719 -0.523438 -0.474609 -0.519531 -0.414062 -0.494141
C  50 86.2
  1.343750 1.632812 0.968750 0.992188 0.746094 0.683594 0.190430 0.034180
  -0.127930 -0.190430 -0.417969 -0.400391 -0.408203 -0.347656 -0.474609 -0.207031
C  51 86.1
  -1.929688 0.796875 -0.957031 -0.100098 -0.593750 -0.441406 -0.314453 -0.753906
  -0.445312 -0.652344 -0.414062 -0.652344 -0.476562 -0.570312 -0.449219 -0.566406
C  52 86.1
  -0.507812 -0.578125 -0.503906 -0.605469 -0.507812 -0.589844 -0.531250 -0.582031
  -0.542969 -0.585938 -0.531250 -0.578125 -0.494141 -0.585938 -0.439453 -0.574219
C  53 86.1
  -1.351562 0.230469 -0.777344 -0.398438 -0.566406 -0.625000 -0.441406 -0.753906
  -0.468750 -0.730469 -0.451172 -0.734375 -0.460938 -0.714844 -0.433594 -0.695312
C  54 86.1
  -1.937500 0.863281 -1.101562 0.114746 -0.671875 -0.300781 -0.221680 -0.828125
  -0.402344 -0.664062 -0.433594 -0.589844 -0.574219 -0.416016 -0.535156 -0.421875
C  55 86.2
  -1.234375 0.281250 -0.707031 -0.318359 -0.550781 -0.462891 -0.490234 -0.554688
  -0.484375 -0.582031 -0.472656 -0.582031 -0.421875 -0.605469 -0.388672 -0.554688
C  56 86.1
  -1.937500 0.832031 -1.023438 -0.023071 -0.597656 -0.425781 -0.304688 -0.757812
  -0.412109 -0.667969 -0.421875 -0.636719 -0.468750 -0.574219 -0.439453 -0.582031
C  57 86.1
  -1.921875 0.804688 -1.031250 -0.003342 -0.628906 -0.402344 -0.330078 -0.742188
  -0.462891 -0.628906 -0.453125 -0.605469 -0.523438 -0.527344 -0.480469 -0.542969
C  58 86.1
  1.109375 1.632812 0.498047 0.652344 0.067871 0.166016 -0.470703 -0.423828
  -0.515625 -0.330078 -0.566406 -0.421875 -0.523438 -0.410156 -0.527344 -0.332031
C  59 86.1
  -1.906250 0.789062 -1.031250 -0.020508 -0.636719 -0.400391 -0.337891 -0.742188
  -0.478516 -0.609375 -0.462891 -0.593750 -0.511719 -0.531250 -0.476562 -0.546875
C  60 86.2
  -0.039307 1.218750 -0.373047 -0.006256 -0.406250 -0.257812 -0.523438 -0.433594
  -0.550781 -0.474609 -0.539062 -0.498047 -0.462891 -0.535156 -0.443359 -0.478516
C  61 86.1
  0.558594 -1.632812 0.100098 -1.164062 0.003998 -1.070312 -0.251953 -0.812500
  -0.378906 -0.695312 -0.439453 -0.621094 -0.314453 -0.738281 -0.221680 -0.800781
C  62 86.1
  -1.953125 0.859375 -1.054688 0.044922 -0.625000 -0.371094 -0.261719 -0.789062
  -0.439453 -0.625000 -0.458984 -0.582031 -0.539062 -0.472656 -0.500000 -0.503906
C  63 86.1
  1.390625 1.625000 1.148438 1.171875 1.000000 0.804688 0.550781 0.328125
  -0.034912 -0.045898 -0.431641 -0.324219 -0.423828 -0.275391 -0.445312 -0.117188
C  64 86.1
  1.117188 1.632812 0.400391 0.617188 -0.040039 0.110840 -0.511719 -0.388672
  -0.562500 -0.298828 -0.582031 -0.396484 -0.531250 -0.392578 -0.531250 -0.322266
C  65 86.2
  1.148438 1.656250 0.566406 0.714844 0.160156 0.249023 -0.414062 -0.410156
  -0.458984 -0.345703 -0.570312 -0.419922 -0.511719 -0.423828 -0.539062 -0.318359
C  66 86.1
  1.453125 1.492188 1.257812 1.218750 1.203125 0.828125 0.949219 0.542969
  0.273438 0.091797 -0.277344 -0.312500 -0.322266 -0.351562 -0.308594 -0.261719
C  67 86.1
  -1.585938 0.462891 -0.851562 -0.296875 -0.585938 -0.566406 -0.466797 -0.703125
  -0.474609 -0.695312 -0.453125 -0.695312 -0.466797 -0.679688 -0.439453 -0.671875
C  68 86.1
  -0.462891 -0.621094 -0.472656 -0.636719 -0.480469 -0.621094 -0.507812 -0.613281
  -0.527344 -0.613281 -0.507812 -0.601562 -0.468750 -0.609375 -0.402344 -0.605469
C  69 86.2
  -1.351562 0.330078 -0.730469 -0.316406 -0.542969 -0.511719 -0.478516 -0.613281
  -0.490234 -0.597656 -0.460938 -0.609375 -0.441406 -0.621094 -0.394531 -0.593750
C  70 86.1
  -1.906250 0.812500 -0.910156 -0.094238 -0.546875 -0.441406 -0.361328 -0.656250
  -0.419922 -0.609375 -0.408203 -0.593750 -0.414062 -0.589844 -0.386719 -0.562500
C  71 86.1
  -0.172852 -0.902344 -0.404297 -0.683594 -0.480469 -0.609375 -0.546875 -0.570312
  -0.558594 -0.558594 -0.539062 -0.550781 -0.507812 -0.566406 -0.394531 -0.605469
C  72 86.1
  0.648438 -1.687500 0.195312 -1.187500 -0.036377 -0.929688 -0.339844 -0.621094
  -0.476562 -0.503906 -0.515625 -0.460938 -0.351562 -0.636719 -0.257812 -0.707031
C  73 86.1
  0.597656 -1.710938 0.091797 -1.140625 -0.123047 -0.910156 -0.449219 -0.578125
  -0.515625 -0.523438 -0.515625 -0.507812 -0.367188 -0.664062 -0.275391 -0.722656
C  74 86.2
  0.574219 -1.656250 0.143555 -1.187500 -0.051514 -0.972656 -0.333984 -0.683594
  -0.457031 -0.574219 -0.507812 -0.507812 -0.376953 -0.652344 -0.296875 -0.703125
C  75 86.1
  0.511719 -1.632812 0.052246 -1.125000 -0.135742 -0.917969 -0.453125 -0.605469
  -0.535156 -0.535156 -0.546875 -0.515625 -0.408203 -0.648438 -0.320312 -0.695312
C  76 86.1
  -1.867188 0.761719 -0.906250 -0.130859 -0.546875 -0.462891 -0.312500 -0.726562
  -0.353516 -0.695312 -0.400391 -0.636719 -0.414062 -0.609375 -0.412109 -0.578125
C  77 86.1
  -0.796875 -0.328125 -0.738281 -0.404297 -0.671875 -0.474609 -0.628906 -0.527344
                                                                       -0.656250 -0.519531 -0.632812 -0.511719 -0.589844 -0.527344 -0.535156 -0.527344
C  78 86.1
  -0.455078 -0.539062 -0.498047 -0.535156 -0.503906 -0.507812 -0.527344 -0.519531
  -0.531250 -0.523438 -0.511719 -0.515625 -0.480469 -0.515625 -0.417969 -0.488281
C  79 86.2
  1.648438 1.320312 1.539062 1.351562 1.445312 1.289062 1.296875 1.078125
  0.605469 0.628906 -0.082520 0.048096 -0.349609 -0.275391 -0.462891 -0.228516
C  80 86.1
  1.421875 0.378906 0.941406 0.558594 0.656250 0.443359 0.335938 0.263672
  -0.199219 -0.163086 -0.429688 -0.367188 -0.363281 -0.419922 -0.269531 -0.462891
C  81 86.1
  -1.570312 0.427734 -0.910156 -0.219727 -0.648438 -0.480469 -0.468750 -0.679688
  -0.515625 -0.644531 -0.503906 -0.625000 -0.515625 -0.628906 -0.492188 -0.613281
C  82 86.1
  0.679688 1.460938 0.976562 1.148438 1.054688 1.140625 0.648438 0.800781
  -0.026001 0.166992 -0.490234 -0.251953 -0.439453 -0.345703 -0.417969 -0.351562
C  83 86.1
  -1.851562 0.765625 -0.851562 -0.158203 -0.531250 -0.458984 -0.363281 -0.667969
  -0.417969 -0.613281 -0.416016 -0.609375 -0.408203 -0.605469 -0.392578 -0.585938
C  84 86.2
  -0.421875 -0.542969 -0.457031 -0.535156 -0.462891 -0.507812 -0.480469 -0.511719
  -0.496094 -0.523438 -0.478516 -0.511719 -0.441406 -0.507812 -0.382812 -0.484375
C  85 86.1
  1.492188 1.507812 1.328125 1.257812 1.218750 0.835938 0.980469 0.554688
  0.261719 0.109375 -0.328125 -0.328125 -0.234375 -0.160156 -0.220703 -0.053223
C  86 86.1
  1.281250 1.710938 0.597656 0.960938 0.194336 0.511719 -0.457031 -0.200195
  -0.527344 -0.196289 -0.648438 -0.259766 -0.593750 -0.248047 -0.703125 -0.076660
C  87 86.1
  1.492188 1.039062 0.968750 0.621094 0.691406 0.135742 0.195312 -0.562500
  -0.240234 -0.542969 -0.472656 -0.515625 -0.423828 -0.542969 -0.421875 -0.486328
C  88 86.1
  0.503906 -1.578125 0.052490 -1.125000 -0.041260 -1.031250 -0.267578 -0.796875
  -0.392578 -0.683594 -0.457031 -0.613281 -0.363281 -0.687500 -0.269531 -0.757812
C  89 86.2
  -1.554688 0.423828 -0.941406 -0.174805 -0.683594 -0.437500 -0.468750 -0.691406
  -0.542969 -0.621094 -0.566406 -0.566406 -0.593750 -0.539062 -0.554688 -0.527344
C  90 86.1
  0.582031 -1.570312 0.100586 -1.164062 0.001106 -1.054688 -0.247070 -0.804688
  -0.378906 -0.695312 -0.458984 -0.601562 -0.337891 -0.714844 -0.244141 -0.773438
C  91 86.1
  1.515625 1.437500 1.179688 1.101562 1.070312 0.734375 0.617188 0.147461
  0.049316 -0.163086 -0.425781 -0.460938 -0.394531 -0.441406 -0.396484 -0.339844
C  92 86.1
  0.304688 -1.445312 -0.156250 -0.957031 -0.265625 -0.855469 -0.480469 -0.644531
  -0.546875 -0.582031 -0.511719 -0.613281 -0.429688 -0.671875 -0.337891 -0.714844
C  93 86.2
  -1.750000 0.640625 -0.964844 -0.091797 -0.656250 -0.384766 -0.453125 -0.613281
  -0.531250 -0.558594 -0.511719 -0.550781 -0.546875 -0.511719 -0.515625 -0.503906
C  94 86.1
  1.187500 1.687500 0.542969 0.964844 0.253906 0.570312 -0.400391 -0.061279
  -0.503906 -0.199219 -0.636719 -0.306641 -0.605469 -0.294922 -0.726562 -0.122070
C  95 86.1
  1.500000 1.531250 1.304688 1.343750 1.242188 1.023438 0.933594 0.726562
  0.209961 0.180664 -0.435547 -0.365234 -0.343750 -0.128906 -0.316406 -0.002090
C  96 86.1
  -0.196289 -0.953125 -0.476562 -0.667969 -0.519531 -0.632812 -0.601562 -0.562500
  -0.613281 -0.558594 -0.566406 -0.593750 -0.482422 -0.660156 -0.404297 -0.667969
C  97 86.1
  1.109375 -0.455078 0.332031 -0.914062 0.117188 -1.046875 -0.128906 -0.878906
  -0.292969 -0.742188 -0.425781 -0.628906 -0.345703 -0.687500 -0.332031 -0.644531
C  98 86.2
  1.484375 0.914062 0.789062 0.484375 0.470703 -0.030029 -0.011536 -0.578125
  -0.302734 -0.582031 -0.472656 -0.531250 -0.423828 -0.558594 -0.433594 -0.503906
C  99 86.1
  0.067383 -1.210938 -0.326172 -0.804688 -0.398438 -0.726562 -0.550781 -0.593750
  -0.582031 -0.578125 -0.523438 -0.617188 -0.443359 -0.671875 -0.363281 -0.703125
Done. Total: 8613.52 ms, Avg: 86.14 ms
[358.272232 0:14 starry_kernel::task::user:52] user exception: ip=0x1386c, fault_addr=0x8330000f, kind=IllegalInstruction, esr=0x0, ec=0x0, iss=0x0, }
[358.292800 0:14 starry_kernel::task::signal:386] Synchronous-exception fatal signal SIGILL on tid=14
[358.303553 0:14 starry_kernel::task::signal:30] user register dump:
  pc(sepc)=0x000000000001386c ra=0x000000000001386c sp=0x00000003fffff6c0
  gp=0x000000000028b550  tp=0x00000000400007e0  s0=0x00000003fffff710
  a0=0x00000000400b5450 a1=0x0000000040000c08 a2=0x0000000040000c02 a3=0x0000000000000040
  a4=0x0000000000000000 a5=0x00000000400b5450 a6=0x0000000000000007 a7=0x00000000400b54d0
[358.341069 0:14 starry_kernel::task::ops:448] Task(14, "act_infer_batch") exit with code: 132
[358.351346 0:14 starry_kernel::task::signal:318] Send signal SIGCHLD to process 7
[358.365409 0:7 starry_kernel::syscall::task::wait:72] sys_waitpid <= pid: -1, options: WaitPidOptions(WUNTRACED)
Illegal instruction (core dumped)